spawns: 
  default: 
    world: scitaniautismus
    x: 3225.4169305833047
    y: 238.0
    z: -2266.637936735014
    yaw: -269.78876
    pitch: 0.45012394
