uuid: 023f95d9-8851-314a-aaa4-30aa2413e02f
timestamps:
  login: 1545950830637
  logout: 1545950731609
  lastteleport: 1545949957387
ipAddress: 78.45.138.4
lastlocation:
  world: scitaniautismus
  x: 3225.4169305833047
  y: 238.0
  z: -2266.637936735014
  yaw: -257.33878
  pitch: 14.250124
nickname: ยง3Niko
logoutlocation:
  world: scitaniautismus
  x: 3515.088773412442
  y: 62.0
  z: -2468.5618784175085
  yaw: 146.38889
  pitch: 68.549995
money: '111'
lastAccountName: jiji
