uuid: 1c83476a-0bc8-3fa8-930a-51e41dba585d
timestamps:
  login: 1545683341584
  logout: 1545683369073
ipAddress: 78.45.245.26
logoutlocation:
  world: scitaniautismus
  x: 3235.5
  y: 85.0
  z: -2032.5
  yaw: -19.910955
  pitch: 47.25004
lastAccountName: naxxi
money: '42'
