lastAccountName: Abystoma
timestamps:
  login: 1546013109444
  logout: 1546011822958
  lastteleport: 1546015432037
ipAddress: 185.243.172.82
lastlocation:
  world: scitaniautismus
  x: 3089.0794337771663
  y: 64.0
  z: -2070.2706639766748
  yaw: -161.9494
  pitch: -0.9000512
logoutlocation:
  world: scitaniautismus
  x: 3176.9317329510272
  y: 92.30140329606759
  z: -2013.829997165905
  yaw: 141.34766
  pitch: 6.0000877
money: '878'
nickname: §aFurdoslav
