lastAccountName: jony008
timestamps:
  login: 1545912209753
  logout: 1545917691722
  lastteleport: 1545916635673
ipAddress: 95.82.135.181
lastlocation:
  world: scitaniautismus
  x: 3248.1491423314487
  y: 97.0
  z: -2057.139748485864
  yaw: 195.34373
  pitch: 21.599937
logoutlocation:
  world: scitaniautismus
  x: 2980.5
  y: 51.0
  z: -1513.5
  yaw: -79.11328
  pitch: 52.199997
afk: false
nickname: §kKKK§cSDEW
money: '12'
