lastAccountName: EpickyMinecrafak
timestamps:
  login: 1546003452055
  lastteleport: 1546013423339
  logout: 1546016072477
  kits:
    tools: 1546012689039
ipAddress: 84.42.247.58
lastlocation:
  world: scitaniautismus
  x: 3145.6919824034426
  y: 77.0
  z: -2060.3283991683425
  yaw: -52.042896
  pitch: 9.149997
money: '709.00'
homes:
  home:
    world: scitaniautismus
    x: 3362.214573527567
    y: 104.0
    z: -2282.676008895115
    yaw: 253.72314
    pitch: 71.85002
logoutlocation:
  world: scitaniautismus
  x: 3395.212271986451
  y: 80.0
  z: -2281.0614719443115
  yaw: 339.9121
  pitch: 20.250479
nickname: §depik
