lastAccountName: Salty4Daddy
timestamps:
  login: 1545950061674
  logout: 1545950503530
  lastteleport: 1545950296660
ipAddress: 194.228.11.224
lastlocation:
  world: scitaniautismus
  x: 3225.4169305833047
  y: 238.0
  z: -2266.637936735014
  yaw: -269.78876
  pitch: 0.45012394
logoutlocation:
  world: scitaniautismus
  x: 3236.4761537924705
  y: 77.0
  z: -2084.732772765965
  yaw: -186.80298
  pitch: 15.899996
afk: false
nickname: §dPala
money: '12'
