world: scitaniautismus
x: 3238.271354582925
y: 68.0
z: -2050.442913499598
yaw: 270.73657
pitch: 1.0502827
name: arenab
