world: scitaniautismus
x: 3208.146427567473
y: 79.5
z: -2043.221486741078
yaw: 272.23682
pitch: -19.799793
name: arena
