world: scitaniautismus
x: 3236.1217301442166
y: 68.0
z: -1996.5807777057869
yaw: 272.53662
pitch: 0.9002793
name: arenaa
