world: scitaniautismus
x: 3251.0176028082246
y: 80.0
z: -1935.19317151617
yaw: -89.84297
pitch: 29.249989
name: bigshop
