world: scitaniautismus
x: 3394.4999249014945
y: 80.0
z: -2289.5182932530365
yaw: 270.49936
pitch: 4.2444973
name: duwang
