world: scitaniautismus
x: 3149.5587886397834
y: 77.0
z: -2069.8644524077667
yaw: 1.9570312
pitch: 1.6500028
name: itemshop
