world: scitaniautismus
x: 3247.6899820526673
y: 97.0
z: -2052.5182558246097
yaw: -1.4058228
pitch: -1.2000022
name: kv
