world: scitaniautismus
x: 3183.458838659226
y: 81.0
z: -2073.352009621633
yaw: 90.31616
pitch: 3.0000894
name: lazne
