world: scitaniautismus
x: 3162.990275169155
y: 89.0
z: -2027.137167548251
yaw: 269.89868
pitch: 34.650238
name: megasrub
