world: scitaniautismus
x: 3336.981324648776
y: 103.0
z: -2158.3782927255875
yaw: 280.99927
pitch: 20.294487
name: panelak
