world: scitaniautismus
x: 3398.7766377275684
y: 148.0
z: -2291.554272930821
yaw: 89.538574
pitch: 15.450059
name: spacex
